Site	p1	p2	p3	p4
1	0.999994	7.85565e-16	5.5339e-06	6.38428e-30
2	1.64844e-05	0.481056	0.517929	0.000998689
3	5.92477e-10	0.363891	0.636108	1.5402e-06
4	9.23989e-10	0.0214826	0.978517	2.3086e-09
5	1.52861e-31	0.739301	3.38975e-10	0.260699
6	4.57588e-33	0.0443042	2.3057e-13	0.955696
7	0.172647	0.000245626	0.827107	1.39652e-09
8	1.41278e-48	1.01994e-05	4.39856e-18	0.99999
9	5.86179e-46	3.95827e-07	5.05967e-20	1
10	3.27167e-28	0.00781527	5.88598e-10	0.992185
11	3.0099e-31	0.495033	1.18055e-06	0.504966
12	3.03791e-12	0.953961	0.000464359	0.0455745
13	3.04016e-43	2.34668e-05	1.14171e-17	0.999977
14	6.11288e-45	4.32051e-07	2.42428e-19	1
15	2.28676e-17	0.993531	0.00479688	0.0016722
16	2.48199e-53	9.70457e-08	2.65602e-21	1
17	5.99553e-51	9.32982e-09	9.63431e-23	1
18	1.92292e-48	7.08467e-06	2.40155e-19	0.999993
19	1.02455e-14	0.577799	0.422053	0.000148124
20	7.20913e-19	0.997063	2.00783e-06	0.00293515
21	1.13131e-37	0.513161	1.31466e-11	0.486839
22	4.4252e-20	0.98247	0.0168926	0.00063703
23	0.0149219	0.000801516	0.984277	2.61401e-10
24	7.66624e-25	0.999246	8.99447e-05	0.000663654
25	6.45107e-07	0.257163	0.742836	5.95041e-08
26	3.90809e-66	1.2575e-11	1.74983e-29	1
27	4.37043e-40	0.00231623	6.62155e-11	0.997684
28	3.77561e-26	0.998328	2.67694e-07	0.00167153
29	2.49114e-22	0.99835	0.00124767	0.000402
30	1.06307e-06	0.204338	0.79566	1.17652e-06
31	9.97376e-19	0.993574	0.00623578	0.000190045
32	3.50349e-18	0.999985	1.14879e-05	3.55654e-06
33	1.55626e-14	0.984758	0.0151829	5.93771e-05
34	0.0754855	2.01742e-05	0.924494	7.71539e-19
35	0.997303	1.90956e-10	0.00269657	1.96722e-25
36	1.71848e-08	0.976913	0.0224079	0.000678777
37	0.994662	1.05567e-08	0.00533762	5.62983e-25
38	1.04298e-11	0.915087	0.0848801	3.31643e-05
39	4.57217e-23	0.99342	5.27907e-06	0.00657476
40	9.44684e-05	5.49547e-06	0.9999	5.74699e-17
41	3.62111e-29	0.946166	1.60068e-07	0.0538335
42	3.79587e-11	0.875116	0.124751	0.000132502
43	0.26004	0.00580633	0.734154	3.28755e-08
44	5.21363e-19	0.904477	0.0940606	0.0014629
45	6.78249e-10	0.211625	0.788375	1.08348e-07
46	1.66812e-13	0.751962	0.248038	1.25552e-08
47	2.02288e-18	0.999553	0.000278517	0.000168532
48	1.62002e-14	0.918746	0.0704207	0.0108334
49	6.33916e-23	0.999794	1.54933e-06	0.000204514
50	3.21878e-20	0.965842	1.96849e-06	0.0341556
51	1.08119e-28	0.792571	1.16808e-06	0.207428
52	1.11806e-28	0.297884	8.77052e-09	0.702116
53	2.4161e-39	1.44911e-07	3.48806e-17	1
54	9.13362e-38	0.00912722	1.41772e-12	0.990873
55	1.50348e-35	0.000358354	1.09784e-13	0.999642
56	1.33362e-50	7.11195e-08	1.26567e-21	1
57	5.35895e-33	0.0171947	1.32685e-10	0.982805
58	0.96394	2.34732e-08	0.0360601	1.17654e-21
59	0.786378	0.00535337	0.208268	2.66435e-07
60	1.15138e-24	0.447569	4.16673e-06	0.552427
61	5.99612e-26	0.947885	2.61604e-05	0.0520887
62	5.53662e-21	0.995766	7.89623e-06	0.0042257
63	4.81858e-29	0.999742	2.23946e-07	0.000257913
64	1.15928e-12	0.0839992	0.916001	5.19338e-10
65	1.63037e-17	0.610895	0.357424	0.0316811
66	1.11611e-09	0.000363267	0.999637	6.95313e-10
67	5.62801e-29	0.27686	7.17507e-09	0.72314
68	1.17456e-29	0.395564	1.6419e-11	0.604436
69	3.49766e-30	0.0117307	3.88444e-08	0.988269
70	8.90161e-73	9.61463e-12	1.64769e-30	1
71	7.68134e-27	0.97566	7.1975e-05	0.0242677
72	1.5465e-19	0.99999	7.92584e-06	2.00446e-06
73	1.7737e-40	4.40214e-05	1.81528e-14	0.999956
74	2.13734e-53	8.73941e-08	3.01173e-21	1
75	9.34333e-39	0.000465053	5.54563e-14	0.999535
76	6.63091e-16	0.90973	0.0894598	0.000810662
77	1.1153e-47	2.65792e-06	4.92029e-19	0.999997
78	1.92551e-10	0.0447027	0.955297	1.06217e-10
79	1.01876e-11	0.692345	0.307636	1.95843e-05
80	7.02973e-09	0.00258183	0.997418	6.74501e-12
81	1.01172e-24	0.997237	2.67393e-07	0.00276261
82	6.28798e-12	0.926479	0.0735207	6.64405e-07
83	0.992134	6.60345e-12	0.0078662	7.19151e-33
84	7.66974e-05	0.00256557	0.997358	6.80904e-10
85	4.5811e-15	0.995504	0.00446404	3.24184e-05
86	0.990589	4.43453e-08	0.00941062	3.18889e-14
87	0.329662	6.39707e-08	0.670337	2.53105e-21
88	4.65376e-42	0.00206838	6.03146e-15	0.997932
89	3.72902e-11	0.68328	0.31672	2.68712e-08
90	1.4556e-31	0.550623	6.19906e-07	0.449377
91	0.0837999	0.00621793	0.909982	1.72321e-08
92	0.000328063	0.00978237	0.98989	7.3406e-13
93	9.33147e-34	0.62205	1.19233e-10	0.37795
94	0.894674	1.39825e-07	0.105326	1.62351e-20
95	3.88456e-22	0.983569	6.38234e-06	0.0164249
96	5.55177e-05	0.00322348	0.996721	1.55019e-10
97	3.08877e-17	0.998889	0.0010704	4.04377e-05
98	5.35526e-09	0.00863095	0.991369	9.67105e-11
99	0.975405	4.32548e-11	0.0245946	6.41041e-22
100	0.973631	7.59799e-06	0.0263614	1.80312e-11
101	1.30207e-20	0.993663	0.00619914	0.000137429
102	0.000173098	7.3872e-05	0.999753	6.50608e-17
103	0.00169295	0.00321043	0.995097	4.05243e-16
104	4.58659e-10	0.486971	0.511957	0.00107158
105	1.73358e-21	0.999686	0.00031281	7.24059e-07
106	1.13641e-41	0.000132123	1.08304e-15	0.999868
107	0.0104702	0.000888193	0.988642	7.82823e-12
108	1.11808e-29	0.173037	5.48845e-06	0.826957
109	0.194645	0.0086488	0.796706	1.63407e-07
110	0.907262	2.20637e-06	0.092736	2.40379e-12
111	3.9953e-28	0.983848	3.4161e-09	0.0161525
112	1.00439e-43	4.05243e-05	9.76445e-16	0.999959
113	1.45025e-58	1.43803e-09	1.87171e-23	1
114	1.12965e-05	0.205784	0.794091	0.000114501
115	3.89141e-20	0.996556	0.000518164	0.00292607
116	1.69582e-46	0.00242223	8.98798e-16	0.997578
117	4.44785e-16	0.653771	0.344873	0.00135666
118	1.01138e-16	0.843495	0.15531	0.00119552
119	4.31187e-56	2.00402e-09	1.09321e-23	1
120	7.85485e-33	0.0560339	1.9295e-10	0.943966
121	4.16783e-05	0.507992	0.491464	0.000501806
122	6.16502e-20	0.981991	0.0179536	5.48941e-05
123	3.04851e-10	0.0282922	0.971708	4.07493e-09
124	3.50708e-45	4.03836e-06	2.99757e-17	0.999996
125	5.07535e-06	0.0259325	0.974062	2.26049e-13
126	8.0955e-29	0.364976	3.46953e-07	0.635024
127	1.3431e-59	7.40613e-10	1.08389e-26	1
128	1.4664e-28	0.000817813	2.98018e-12	0.999182
129	5.1428e-52	1.22147e-06	1.46203e-20	0.999999
130	8.08293e-11	0.00877689	0.991223	1.18192e-08
131	4.16145e-14	0.917245	0.0826707	8.41073e-05
132	0.523158	3.64411e-09	0.476842	4.23308e-22
133	2.21164e-17	0.974003	0.0259949	1.90418e-06
134	6.17512e-09	0.419698	0.580274	2.8103e-05
135	0.978962	2.38174e-05	0.0210139	3.42257e-11
136	2.83719e-08	2.24288e-05	0.999978	5.28907e-12
137	0.00489389	2.11532e-06	0.995104	6.64627e-16
138	0.985108	8.43122e-10	0.0148925	2.89213e-23
139	5.87654e-14	0.910104	0.0898719	2.454e-05
140	4.51875e-40	0.000625538	1.37084e-14	0.999374
141	5.09671e-40	0.0032979	8.85826e-14	0.996702
142	0.000894675	2.58299e-05	0.999079	9.87244e-17
143	7.04675e-48	1.73118e-05	1.08682e-18	0.999983
144	0.933665	8.609e-09	0.0663349	7.25713e-21
145	1.33281e-32	0.69005	2.40023e-10	0.30995
146	2.18149e-18	0.999924	6.3089e-05	1.31527e-05
147	5.27096e-19	0.978416	0.0195893	0.0019952
148	2.63546e-13	0.511047	0.488951	1.92295e-06
149	5.4488e-07	2.22065e-05	0.999977	1.76174e-12
150	0.00593732	0.00249015	0.991573	6.31334e-14
151	1.35152e-12	0.00677505	0.993225	5.61501e-10
152	0.999965	1.17764e-13	3.52416e-05	2.05729e-27
153	6.97003e-14	0.633229	0.366771	8.33888e-08
154	3.39301e-11	0.849318	0.15016	0.000521614
155	7.25452e-27	0.999069	2.73448e-07	0.00093048
156	2.82459e-19	0.911055	0.0889102	3.52126e-05
157	1.06577e-28	0.822938	1.13258e-05	0.177051
158	7.73701e-22	0.996792	0.00319732	1.07718e-05
159	3.45288e-33	0.952405	1.72738e-07	0.0475943
160	1.38462e-26	0.999916	1.04581e-05	7.3419e-05
161	4.59479e-12	0.884291	0.115698	1.0166e-05
162	3.50139e-18	0.986042	0.013856	0.000101542
163	2.33695e-22	0.840616	3.84136e-06	0.15938
164	1.70557e-18	0.513307	0.48663	6.31305e-05
165	5.32029e-36	6.42625e-05	4.48599e-14	0.999936
166	7.74379e-60	1.61443e-06	2.85815e-22	0.999998
167	2.83479e-09	0.192949	0.807046	4.48744e-06
168	1.765e-51	2.71993e-09	6.24742e-24	1
169	1.73702e-21	0.934627	0.0167291	0.0486442
170	9.6709e-62	2.2636e-11	1.28083e-26	1
171	1.3769e-48	7.08977e-06	1.48761e-20	0.999993
172	7.1878e-23	0.949556	0.0305283	0.0199162
173	3.26827e-53	9.74818e-08	4.77185e-21	1
174	5.15518e-47	7.82367e-05	1.84321e-17	0.999922
175	1.00034e-52	1.10485e-05	7.92911e-18	0.999989
176	8.18123e-19	0.665254	0.000800905	0.333945
177	0.894806	0.000289925	0.104904	5.64941e-10
178	1.05539e-43	9.99485e-05	1.3875e-15	0.9999
179	8.99494e-10	0.00120809	0.998791	5.768e-07
180	1.96281e-57	1.1284e-09	5.55805e-27	1
181	1.52651e-31	0.395256	1.54274e-10	0.604744
182	4.59343e-07	1.82422e-05	0.999981	6.8845e-16
183	2.88732e-12	0.998773	0.00122692	1.50384e-07
184	1.94742e-32	0.997546	4.1796e-09	0.00245373
185	1.51107e-44	0.00019098	2.73892e-18	0.999809
186	1.95201e-25	0.999799	6.26043e-05	0.000138119
187	3.45081e-60	4.33959e-09	1.6303e-23	1
188	2.18164e-69	1.66472e-11	1.16953e-29	1
189	1.10151e-06	0.000444361	0.999555	1.61569e-11
190	1.08921e-79	3.56892e-14	1.43197e-34	1
191	1.17964e-26	0.995155	0.00143788	0.00340676
192	0.000822593	0.00559852	0.993579	6.51227e-08
193	1.63984e-24	0.80837	1.62459e-07	0.19163
194	9.98728e-13	0.988387	0.00755639	0.00405685
195	0.999406	1.85088e-11	0.000594056	7.70813e-27
196	3.2173e-35	0.97488	7.29192e-09	0.0251198
197	0.969794	2.14887e-07	0.0302053	2.44692e-23
198	1.47694e-09	0.000116713	0.999883	4.88729e-12
199	3.53795e-32	0.470647	5.29972e-08	0.529353
200	2.10188e-13	0.279791	0.720209	2.26036e-09
201	3.70994e-20	0.99534	0.00208106	0.00257876
202	0.99821	1.43446e-09	0.00179	3.74023e-26
203	2.8326e-27	0.87744	0.00322692	0.119333
204	3.44271e-25	0.99604	0.000207941	0.00375192
205	0.98085	2.08588e-08	0.0191501	6.02537e-18
206	2.2181e-08	0.475458	0.524542	2.44448e-09
207	8.38876e-21	0.371876	0.62645	0.00167323
208	5.70264e-08	0.000373228	0.999627	4.40379e-13
209	1.68562e-11	0.118387	0.881613	7.28987e-08
210	1.18442e-21	0.999653	8.03399e-05	0.00026638
211	1.74521e-20	0.00750988	1.06609e-05	0.992479
212	0.00206293	0.374849	0.623058	3.09334e-05
213	9.96295e-13	0.931153	0.0632965	0.00555036
214	7.81723e-47	1.47006e-07	1.6367e-21	1
215	2.66646e-39	0.00961046	1.19831e-10	0.99039
216	7.95815e-29	0.956718	3.62435e-06	0.0432782
217	4.12022e-59	1.93177e-08	6.27215e-23	1
218	5.55081e-39	0.0221489	1.20545e-09	0.977851
219	1.13872e-13	0.914526	0.0854735	3.02918e-07
220	5.86119e-67	2.1291e-12	5.35674e-32	1
221	5.94317e-39	0.00692857	9.29165e-11	0.993071
222	3.47826e-13	0.444204	0.555796	5.23549e-08
223	7.49509e-36	0.12653	3.34655e-08	0.87347
224	5.46908e-11	0.961951	0.037377	0.000672248
225	5.95398e-20	0.997519	0.000100314	0.00238094
226	0.00659353	0.0487662	0.944638	2.54889e-06
227	4.78662e-21	0.998977	1.24254e-05	0.00101017
228	1.79916e-47	0.00114065	9.20942e-16	0.998859
229	0.473932	7.61139e-06	0.52606	1.09917e-14
230	1.36229e-24	0.90317	0.00879389	0.0880363
231	1.30234e-38	0.547911	5.27814e-10	0.452089
232	4.09146e-18	0.999084	0.000914536	1.95084e-06
233	9.80162e-21	0.99736	1.08575e-05	0.002629
234	5.90373e-26	0.999893	9.65923e-05	1.05997e-05
235	0.00256936	0.00206784	0.995363	4.78684e-09
236	1.22792e-21	0.99539	0.00353989	0.00106996
237	1.00339e-24	0.999518	0.000138323	0.000343637
238	1.42171e-54	8.21841e-07	1.76759e-21	0.999999
239	9.9853e-12	0.17632	0.823679	1.23459e-06
240	5.1793e-59	2.76949e-09	1.29744e-24	1
241	0.000186059	0.000211033	0.999603	6.52834e-16
242	0.0177344	0.0178484	0.964417	1.08516e-07
243	3.40578e-22	0.999077	0.000234956	0.000687802
244	8.45999e-14	0.847764	0.152236	4.92968e-08
245	2.38066e-52	7.31065e-07	6.98825e-20	0.999999
246	1.38629e-29	0.991861	7.46945e-06	0.00813189
247	8.75887e-27	0.977873	7.66619e-05	0.0220506
248	0.999406	1.85088e-11	0.000594056	7.70813e-27
249	1.34645e-25	0.999729	3.08717e-08	0.000271262
250	3.89214e-18	0.999948	3.68184e-05	1.49883e-05
251	1.55227e-15	0.484166	0.507531	0.00830317
252	6.45903e-27	0.354005	1.1787e-05	0.645984
253	2.00627e-16	0.973481	0.000267686	0.026251
254	2.9038e-28	0.488193	1.53506e-08	0.511807
255	4.39987e-07	0.00915243	0.990843	4.52843e-06
256	1.85087e-14	0.72087	0.27798	0.00114956
257	1.04189e-42	6.06754e-05	4.91883e-16	0.999939
258	2.58655e-36	0.984484	7.00335e-09	0.0155157
259	2.55989e-16	0.986433	0.0119462	0.0016205
260	4.65708e-45	0.000217637	2.90336e-15	0.999782
261	8.8528e-21	0.839541	0.160459	8.28192e-10
262	1.3402e-31	0.172018	1.34525e-10	0.827982
263	3.56776e-26	0.99723	0.000758275	0.00201192
264	0.955445	2.22006e-08	0.0445549	1.68603e-18
265	0.205809	2.69649e-06	0.794189	5.70539e-15
266	4.03882e-23	0.998046	0.00154245	0.000411682
267	0.697519	0.000247733	0.302233	1.16803e-10
268	1.28782e-37	0.442406	1.67566e-11	0.557594
269	1.6162e-07	0.0105382	0.989462	7.85725e-10
270	1.00998e-14	0.802619	0.197379	2.33042e-06
271	1.53505e-35	0.997208	3.66261e-09	0.00279167
272	7.60406e-22	0.683038	0.000721618	0.31624
273	6.41402e-15	0.802141	0.197859	7.31848e-07
274	3.13194e-31	0.954644	7.90574e-07	0.0453555
275	2.38115e-23	0.998669	0.000309717	0.00102154
276	3.23884e-32	0.153598	1.90458e-08	0.846402
277	2.7974e-31	0.98236	7.39323e-07	0.0176389
278	2.84258e-22	0.999378	0.00043435	0.000187794
279	1.73409e-29	0.952176	1.00696e-08	0.047824
280	1.43609e-14	0.988617	0.0113521	3.13023e-05
281	9.35289e-14	0.986586	0.0134114	2.24619e-06
282	9.28594e-25	0.821338	7.0825e-08	0.178662
283	8.99876e-20	0.99033	0.00090019	0.00876986
284	3.92433e-12	0.844267	0.155733	8.47836e-08
285	4.11471e-15	0.38623	0.613765	5.58443e-06
286	5.22286e-46	8.6407e-05	2.63155e-16	0.999914
287	1.01482e-26	0.160611	7.9221e-07	0.839388
288	2.01957e-35	0.208187	5.56483e-12	0.791813
289	7.88116e-41	0.143803	4.21794e-11	0.856197
290	1.34336e-25	0.807877	9.10265e-05	0.192032
291	1.66048e-22	0.998302	0.000532506	0.00116569
292	3.49892e-49	9.67693e-05	1.08215e-17	0.999903
293	8.14651e-42	0.0404118	3.11819e-12	0.959588
294	5.49807e-18	0.999223	0.000602926	0.000174359
295	2.88431e-12	0.0894431	0.910557	4.94236e-08
296	4.96009e-61	5.21936e-13	2.20434e-30	1
297	5.17643e-08	0.96141	0.0285258	0.010064
298	0.00635695	0.000100698	0.993542	7.34927e-17
299	6.43968e-43	0.168448	4.31891e-11	0.831552
300	1.71618e-05	0.000791002	0.999192	7.42426e-12
301	4.28004e-53	6.74833e-07	4.74407e-21	0.999999
302	4.47675e-16	0.200681	0.799237	8.2449e-05
303	3.3985e-66	2.01666e-11	2.85882e-28	1
304	8.55219e-42	1.67116e-05	1.21161e-13	0.999983
305	0.683434	0.000222812	0.316344	3.49157e-10
306	6.58677e-48	0.000396902	1.11597e-15	0.999603
307	1.34645e-22	0.973278	0.0266894	3.27865e-05
308	0.48594	0.000979257	0.513081	1.92133e-09
309	7.51073e-05	0.000308423	0.999616	8.72193e-13
310	8.16814e-19	0.705533	0.289342	0.00512472
311	4.72743e-16	0.99599	0.00400889	1.16092e-06
312	0.0413352	0.0192475	0.939417	6.57783e-07
313	9.4075e-56	1.03671e-08	2.34592e-23	1
314	1.74595e-14	0.081521	0.918476	2.75292e-06
315	2.51944e-16	0.150432	0.0237306	0.825837
316	4.78335e-42	4.57573e-05	5.21279e-16	0.999954
317	4.42478e-39	0.000371301	8.663e-13	0.999629
318	9.97852e-20	0.999596	1.56344e-05	0.00038862
319	2.49355e-50	1.19519e-06	4.71377e-19	0.999999
320	7.88114e-26	0.786132	0.000165776	0.213702
321	4.50019e-44	0.000141896	3.33563e-18	0.999858
322	1.52188e-50	1.83363e-05	1.00071e-20	0.999982
323	4.60254e-05	0.61008	0.389292	0.000581973
324	2.87316e-12	0.316268	0.683715	1.75765e-05
325	5.88481e-21	0.997201	0.00201947	0.000779285
326	3.39533e-30	0.997913	1.76461e-06	0.00208527
327	5.00406e-21	0.998998	0.000901904	9.97081e-05
328	0.919874	6.72619e-08	0.0801263	4.40194e-17
329	9.52879e-25	0.647541	0.00255987	0.349899
330	2.10816e-49	0.000863544	6.67115e-17	0.999136
331	1.60366e-21	0.834544	0.000198891	0.165257
332	1.70695e-60	3.43127e-07	1.7539e-23	1
333	2.7001e-26	0.00983245	5.8129e-09	0.990168
334	1.18836e-07	0.516294	0.482167	0.00153939
335	5.72573e-11	0.981458	0.0026936	0.0158487
336	0.0197891	0.0606572	0.919551	2.62856e-06
337	0.198912	8.85564e-06	0.801079	1.55658e-13
338	8.57307e-06	0.687159	0.312662	0.000170417
339	3.69741e-23	0.0390522	2.2231e-08	0.960948
340	2.67972e-21	0.998825	2.02913e-05	0.00115477
341	0.000645352	4.99947e-05	0.999305	5.25705e-15
342	2.15211e-08	0.135226	0.864774	5.39655e-07
343	1.66326e-26	0.847409	2.50635e-08	0.152591
344	0.864902	4.6741e-07	0.135097	1.9541e-16
345	0.999425	3.04572e-09	0.000574907	2.9074e-15
346	1.90146e-36	0.00711219	2.37086e-11	0.992888
347	1.93953e-14	0.999253	0.000492116	0.000254612
348	1.03847e-11	0.834289	0.165698	1.29825e-05
349	0.977938	1.52273e-05	0.0220469	6.87269e-11
350	2.72183e-13	0.994518	0.00466085	0.000820952
351	3.50845e-33	0.850402	8.07925e-11	0.149598
352	2.09901e-07	0.0328338	0.967166	3.84842e-10
353	2.85785e-23	0.994879	5.7863e-05	0.0050628
354	3.99824e-08	0.61682	0.38318	2.78583e-07
355	2.35241e-14	0.977768	0.0222298	1.90474e-06
356	1.56043e-15	0.874793	0.124049	0.00115743
357	0.222504	3.47062e-06	0.777493	6.20239e-16
358	6.57545e-11	0.840796	0.159204	2.20017e-07
359	2.52116e-05	0.00492375	0.995051	3.08807e-10
360	4.87084e-16	0.997293	0.00270371	3.16659e-06
361	5.05198e-15	0.97567	0.000563076	0.0237672
362	1.22299e-21	0.998909	1.1898e-05	0.001079
363	6.38511e-13	0.998566	0.000866852	0.00056751
364	6.04375e-05	0.000890612	0.999049	6.13431e-08
365	8.33973e-20	0.995172	0.00474802	7.98946e-05
366	6.66332e-30	0.404366	2.9794e-10	0.595634
367	1.45057e-21	0.994262	0.000373798	0.00536438
368	4.71697e-20	0.99883	0.000810466	0.000359901
369	2.3759e-11	0.966159	0.0270309	0.00680985
370	0.00825511	2.76705e-06	0.991742	1.96951e-14
371	2.36154e-11	0.937088	0.0626911	0.000221288
372	5.81487e-17	0.984821	0.0034748	0.0117039
373	8.42465e-20	0.997932	0.00202936	3.87965e-05
374	3.58197e-05	0.000179756	0.999784	2.52563e-13
375	6.1799e-28	0.80561	3.62133e-07	0.194389
376	1.81816e-13	0.980213	0.019784	3.10262e-06
377	7.18823e-09	0.0014363	0.998564	7.7282e-10
378	1.81148e-06	3.09628e-05	0.999967	1.29186e-13
379	2.37191e-50	1.03196e-05	1.26107e-19	0.99999
380	6.54176e-12	0.818184	0.181784	3.20394e-05
381	0.859623	2.3728e-08	0.140377	3.75358e-20
382	4.317e-07	0.0446083	0.955391	3.79362e-11
383	6.05639e-49	1.08754e-07	6.31229e-21	1
384	1.25656e-25	0.999488	3.2468e-06	0.000508781
385	0.00301281	0.000120124	0.996867	1.68286e-12
386	8.39219e-26	0.995892	1.5724e-08	0.00410792
387	4.61846e-28	0.986554	2.26323e-08	0.0134464
388	0.990203	9.00186e-09	0.00979714	1.02008e-18
389	3.69006e-14	0.981648	0.0183458	6.0608e-06
390	1.33799e-07	0.0265612	0.973439	1.62057e-10
391	0.95037	2.17415e-07	0.0496294	1.22071e-16
392	4.40316e-33	0.877589	1.06586e-09	0.122411
393	6.41607e-22	0.760499	2.56578e-07	0.2395
394	7.92949e-19	0.947363	0.0525001	0.000137054
395	8.61564e-21	0.999388	2.66027e-06	0.000609099
396	1.36491e-17	0.942433	0.0574707	9.64187e-05
397	6.62837e-40	0.000223218	1.24466e-15	0.999777
398	1.32433e-14	0.99596	0.00403972	4.45492e-08
399	0.00050646	5.79992e-05	0.999436	9.05698e-12
400	9.21449e-10	0.153561	0.846439	1.10584e-08
401	0.996052	1.8122e-10	0.00394786	5.16809e-23
402	4.09616e-05	0.141387	0.858558	1.39667e-05
403	0.0236368	1.09656e-07	0.976363	5.89515e-19
404	5.79172e-26	0.717187	2.06568e-08	0.282813
405	1.38798e-28	0.743515	8.39614e-08	0.256485
406	2.68417e-05	0.0133433	0.98663	1.07038e-07
407	0.990717	1.53685e-08	0.00928273	6.33995e-25
408	1.67384e-36	0.00865327	2.34766e-11	0.991347
409	0.0276486	0.000183935	0.972167	1.63144e-10
410	0.00711397	0.00115958	0.991726	2.19421e-08
411	1.31107e-09	0.944854	0.010208	0.0449377
412	0.974589	9.17102e-06	0.0254015	1.13699e-11
413	0.995808	4.4694e-07	0.00419161	1.99406e-13
414	2.06103e-16	0.91031	0.0889277	0.000762475
415	0.879226	2.83724e-06	0.120771	8.89162e-15
416	0.0181219	5.35931e-06	0.981873	1.97986e-17
417	1.28997e-07	0.0110315	0.988968	3.456e-14
418	2.80354e-09	0.000444141	0.999556	2.88968e-14
419	0.788662	5.03021e-09	0.211338	9.4359e-19
420	0.185729	5.38026e-08	0.814271	5.72523e-19
421	0.997283	2.9709e-10	0.00271658	4.66919e-20
422	1.26408e-22	0.998676	0.000975052	0.000348702
423	2.68033e-11	0.759558	0.240436	6.03266e-06
424	0.995808	4.4694e-07	0.00419161	1.99406e-13
425	0.889727	8.69355e-07	0.110272	6.94276e-16
426	4.71761e-05	5.74154e-05	0.999895	1.36105e-13
427	0.903798	5.62551e-06	0.0961962	1.25644e-13
428	0.00624699	3.84044e-07	0.993753	7.81614e-19
429	0.995808	4.4694e-07	0.00419161	1.99406e-13
430	0.999355	7.29645e-12	0.000644889	9.17924e-24
431	0.893647	1.5022e-08	0.106353	1.72378e-21
432	0.999822	1.41927e-13	0.000177685	2.66116e-34
433	5.51605e-14	0.560513	0.439454	3.28957e-05
434	1.16694e-06	0.0019061	0.998093	3.97146e-12
435	0.275883	1.22461e-07	0.724117	1.81135e-20
436	0.0957976	5.88539e-07	0.904202	1.72345e-24
437	2.00391e-08	0.00703585	0.992964	1.48772e-07
438	2.31401e-09	0.000226466	0.999774	2.5821e-13
439	0.999989	1.35569e-13	1.1297e-05	2.06895e-24
440	4.24473e-05	0.000102161	0.999855	4.24689e-16
441	1.98488e-07	0.000445884	0.999554	2.32953e-12
442	0.998856	3.7282e-13	0.00114428	1.39468e-34
443	1.12037e-05	0.021087	0.978898	4.24585e-06
444	4.85341e-06	0.787077	0.202043	0.0108752
445	8.75101e-49	8.58759e-09	1.64546e-22	1
446	5.39145e-16	0.993451	0.00554642	0.00100234
447	5.85164e-48	1.18314e-05	3.31215e-17	0.999988
448	0.045402	0.00747406	0.947124	4.58524e-07
449	0.84283	0.000258661	0.156911	1.25435e-09
450	0.00164275	0.0262755	0.972081	1.10913e-06
451	1.99333e-40	6.75543e-05	6.64702e-16	0.999932
452	1.83324e-26	0.989034	8.1193e-07	0.0109649
453	5.47013e-08	0.000131893	0.999868	1.98686e-14
454	1.77638e-12	0.591096	0.408901	2.72342e-06
455	3.91604e-13	0.985656	0.0107175	0.00362621
456	0.362972	1.77728e-08	0.637028	2.28927e-17
457	0.998311	1.19249e-09	0.00168928	2.63946e-26
458	0.999217	7.54266e-12	0.000783004	3.00943e-25
459	0.997299	2.91039e-10	0.00270087	4.34308e-20
460	0.00206041	0.000733947	0.997206	3.49276e-14
461	0.999996	4.10656e-15	4.02965e-06	2.90567e-29
462	0.993425	2.07043e-09	0.00657456	4.76045e-20
463	0.984658	9.74397e-09	0.0153423	9.59935e-24
464	0.0110674	0.0591027	0.929829	8.99753e-07
465	0.35617	4.10817e-05	0.643788	9.52473e-13
466	0.99473	3.43603e-09	0.00526966	1.68968e-22
467	0.147583	4.48867e-07	0.852416	3.72357e-15
468	1.23064e-30	0.00629857	6.32275e-11	0.993701
469	4.62136e-16	0.981052	0.0189478	1.10318e-10
470	0.0147932	3.33861e-07	0.985206	1.03398e-18
471	0.712092	9.62939e-08	0.287908	3.04993e-18
472	1.30018e-42	3.26093e-05	2.51235e-16	0.999967
473	4.50992e-15	0.99553	0.00446324	6.35822e-06
474	9.75654e-20	0.998637	2.6914e-05	0.00133579
475	4.05773e-17	0.822964	0.000652885	0.176383
476	1.0841e-33	0.00526606	3.40964e-13	0.994734
477	1.80413e-37	0.000404216	1.12982e-12	0.999596
478	9.60627e-12	0.665977	0.334009	1.38036e-05
479	0.305007	8.1498e-06	0.694985	9.81396e-14
480	1.12398e-48	4.16437e-06	7.39076e-20	0.999996
481	1.13047e-09	0.121941	0.878059	1.41626e-08
482	0.998989	6.34217e-12	0.00101119	3.16669e-22
483	1.45275e-19	0.999616	0.000383339	7.99238e-07
484	4.41321e-10	0.0124591	0.987541	8.17843e-09
485	3.19084e-06	1.51383e-05	0.999982	6.01458e-16
486	0.0107709	4.40812e-05	0.989185	4.15675e-18
487	0.997835	8.42727e-10	0.00216456	4.59691e-21
488	5.6612e-13	0.982757	0.0172424	4.74042e-07
489	0.00196698	1.10512e-06	0.998032	9.02098e-20
490	0.003656	1.90637e-06	0.996342	5.15682e-18
491	8.90794e-08	0.0879091	0.912091	3.426e-13
492	0.866717	2.0084e-09	0.133283	1.58701e-24
493	0.999332	4.47248e-13	0.000667525	9.59292e-34
494	1.12031e-11	0.0843274	0.915673	5.59787e-09
495	5.46848e-08	0.261514	0.738484	1.94282e-06
496	0.00517235	2.74205e-05	0.9948	3.60719e-13
497	2.30201e-13	0.013502	0.986498	9.30829e-09
498	4.50441e-29	0.0166564	3.92226e-12	0.983344
499	1.11441e-19	0.999358	2.04573e-05	0.000621284
500	2.87569e-07	0.00112235	0.998877	1.95695e-10
501	8.47228e-23	0.998515	1.10472e-06	0.00148429
502	7.12475e-35	0.406338	1.11058e-10	0.593662
503	8.29326e-21	0.990143	0.00210558	0.00775158
504	1.03577e-05	5.35829e-06	0.999984	1.45097e-15
505	4.69794e-41	0.000209953	2.80744e-14	0.99979
506	1.73305e-11	0.881348	0.118526	0.000125586
507	1.22725e-13	0.998877	0.00111973	3.60289e-06
508	4.62254e-08	0.00299058	0.997009	8.28014e-11
509	3.17666e-21	0.999962	3.05676e-05	7.75156e-06
510	0.0351412	4.66845e-05	0.964812	3.57868e-10
511	5.33549e-14	0.177236	0.822705	5.89265e-05
512	6.22638e-13	0.000629746	0.99937	1.4251e-09
513	6.08618e-07	6.44041e-05	0.999935	4.38338e-11
514	0.998311	1.19249e-09	0.00168928	2.63946e-26
515	0.999997	1.98696e-17	2.97727e-06	4.89406e-32
516	2.05531e-12	0.0566449	0.943354	8.45278e-07
517	1.42894e-06	0.000193677	0.999805	2.50851e-14
518	2.79001e-08	0.00672895	0.993271	1.32388e-10
519	0.0507934	2.24663e-06	0.949204	2.04477e-17
520	0.629888	2.69872e-06	0.370109	1.76193e-15
521	9.1313e-11	0.023763	0.976237	7.17489e-09
522	0.995827	4.41285e-07	0.00417244	1.91799e-13
523	0.980521	1.73469e-08	0.0194788	1.79455e-23
524	3.63287e-06	0.139318	0.860677	1.34085e-06
525	4.51963e-14	0.32101	0.67899	3.36658e-09
526	0.999619	5.76845e-10	0.000380657	6.58588e-17
527	0.0205314	3.56776e-06	0.979465	2.11269e-16
528	2.03857e-28	0.160317	2.88268e-08	0.839683
529	0.995238	1.50705e-10	0.00476187	1.3179e-26
530	0.999382	3.71739e-13	0.000617835	1.16964e-33
531	0.978082	3.80681e-10	0.021918	1.84752e-29
532	3.91541e-05	0.0030921	0.996869	2.04672e-12
533	0.999962	5.36778e-12	3.8202e-05	5.93294e-20
534	0.125321	9.46448e-07	0.874678	7.7969e-20
535	2.43065e-20	0.999977	1.49006e-05	8.07449e-06
536	0.150269	3.48734e-07	0.849731	3.70195e-21
537	6.95579e-09	0.0244462	0.975554	9.90511e-09
538	0.000683764	7.60201e-06	0.999309	5.52885e-19
539	3.99801e-13	0.928398	0.0716015	9.07456e-10
540	0.549841	4.75941e-06	0.450154	1.26865e-11
541	3.70991e-27	0.999828	1.75291e-06	0.000170307
542	1.9804e-15	0.998291	0.00170892	5.35566e-07
543	2.36103e-14	0.180875	0.81912	5.17925e-06
544	1.73926e-08	0.00205666	0.997943	1.80459e-10
545	9.03461e-16	0.99822	0.00177961	1.12999e-07
546	1.06189e-27	0.985366	6.8255e-06	0.0146275
547	6.44036e-21	0.671696	3.88237e-06	0.3283
548	4.80999e-08	0.39016	0.60984	4.0785e-10
549	5.4971e-18	0.876998	0.123002	2.86579e-07
550	3.57569e-09	0.00101982	0.99898	5.29531e-12
551	1.197e-08	0.000170133	0.99983	8.44441e-11
552	1.05457e-11	0.0558388	0.944161	5.02216e-07
553	5.7685e-10	0.000392205	0.999608	3.30684e-12
554	0.999992	1.35465e-14	8.17492e-06	5.89189e-28
555	0.999962	6.05814e-15	3.83132e-05	1.38808e-30
556	0.999967	9.04576e-16	3.26237e-05	1.61447e-38
557	0.999992	8.72039e-14	7.74775e-06	3.55889e-24
558	1.9284e-08	0.0065742	0.993426	1.73979e-13
559	0.000214893	3.43852e-05	0.999751	1.53553e-14
560	1.49436e-16	0.998439	0.00156105	5.25883e-08
561	0.646708	0.000184154	0.353108	3.14885e-10
562	0.147341	0.000272714	0.852386	5.03252e-17
563	0.379398	0.0064009	0.614201	2.12004e-08
564	8.05117e-08	0.0922904	0.90771	5.11056e-13
565	0.000152885	0.697022	0.302345	0.000480052
566	0.00256935	0.000121383	0.997309	1.8248e-14
567	1.79224e-19	0.999883	0.000103687	1.32854e-05
568	0.665479	4.29007e-05	0.334478	3.03447e-13
569	1.63278e-09	0.00303802	0.996962	1.8592e-10
570	0.975477	1.12453e-05	0.0245117	1.45227e-11
571	0.995827	4.41285e-07	0.00417244	1.91799e-13
572	8.08704e-06	0.0150246	0.984967	2.58477e-14
573	0.00687764	8.31527e-07	0.993122	1.37464e-16
574	3.94244e-07	0.0273311	0.972668	1.74072e-07
575	0.000376062	0.00298236	0.996642	1.5832e-10
576	0.999644	1.45147e-13	0.000355768	3.79019e-29
577	1.08688e-09	0.221108	0.778892	2.54809e-08
578	8.26324e-06	0.000219193	0.999773	1.06024e-13
579	0.962995	1.60808e-07	0.0370044	2.51077e-18
580	7.43627e-12	0.245219	0.754781	1.29238e-07
581	0.999446	1.4848e-11	0.00055374	5.44421e-27
582	1.63475e-14	0.376145	0.623619	0.000235864
583	9.23834e-13	0.992059	0.00793785	3.55869e-06
584	0.0127665	3.06974e-05	0.987203	1.56005e-11
585	2.89972e-05	0.00349368	0.996477	3.67519e-14
586	0.118533	8.2213e-06	0.881459	1.56817e-16
587	1.14245e-14	0.0786468	0.921353	5.70363e-09
588	5.38357e-11	0.812941	0.187058	2.0635e-07
589	1.49395e-09	0.932276	0.0657044	0.00201994
590	2.46628e-17	0.999554	0.000103742	0.000342161
591	8.98825e-17	0.998128	0.00184733	2.45471e-05
592	0.140218	7.68385e-07	0.859782	1.80444e-20
593	3.94246e-06	4.35328e-06	0.999992	1.7618e-14
594	0.0515762	3.1358e-06	0.948421	2.11225e-16
595	1.25594e-06	0.00172979	0.998269	1.78769e-12
596	6.99658e-07	0.000510039	0.999489	1.84819e-10
597	4.13308e-06	0.00184847	0.998147	6.04819e-11
598	0.967082	1.05991e-07	0.0329175	8.7884e-23
599	0.816119	4.32793e-10	0.183881	1.21379e-23
600	0.975688	8.36946e-06	0.0243036	5.30589e-12
601	1.8489e-13	0.947995	0.0520035	1.42944e-06
602	0.302191	9.41697e-06	0.697799	8.18056e-14
603	0.0442412	0.0327107	0.923047	8.56555e-07
604	0.00126452	0.00649004	0.992245	1.51847e-10
605	9.51352e-23	0.974101	2.60042e-05	0.0258734
606	0.0094821	2.34684e-05	0.990494	9.32167e-14
607	1.84589e-14	0.355021	0.644979	4.34509e-07
608	2.94716e-18	0.997905	0.00139133	0.000703775
609	0.0516109	9.10753e-06	0.94838	6.20758e-15
610	8.15437e-33	0.912809	1.25997e-09	0.0871915
611	0.126059	3.28915e-07	0.873941	1.86285e-15
612	3.37661e-25	0.154422	5.92371e-10	0.845578
613	2.39006e-45	4.52508e-05	8.57794e-18	0.999955
614	0.0637154	0.00770768	0.928577	2.94986e-08
615	1.57873e-10	0.00180685	0.998193	2.94031e-08
616	2.06522e-32	0.12542	2.65488e-10	0.87458
617	0.103132	0.000426393	0.896442	2.87987e-18
618	1.17762e-21	0.956422	1.40625e-05	0.0435637
619	1.7118e-27	0.821441	2.12917e-08	0.178559
620	1.03362e-31	0.804312	2.10319e-10	0.195688
621	8.42574e-53	1.10568e-07	3.40489e-23	1
622	9.67065e-14	0.997439	0.00169042	0.00087036
623	8.00356e-11	0.00680222	0.993198	5.45697e-08
624	6.8778e-06	0.00109246	0.998901	1.02543e-13
625	1.6755e-35	0.00093035	1.37683e-13	0.99907
626	1.31207e-11	0.557499	0.442501	5.78094e-08
627	1.44688e-20	0.997643	0.000551397	0.00180514
628	1.18371e-54	7.3105e-09	8.27921e-24	1
629	8.68674e-19	0.735863	3.32952e-05	0.264103
630	1.32969e-14	0.99771	4.81396e-05	0.00224197
631	4.66331e-13	0.802078	0.197916	5.2489e-06
632	2.60902e-64	1.0602e-09	1.72256e-26	1
633	2.57404e-34	0.00146452	1.5524e-12	0.998535
634	9.02178e-25	0.723988	8.69089e-08	0.276012
635	1.7805e-07	0.046765	0.952312	0.000922352
636	1.76507e-54	3.78489e-08	3.72663e-23	1
637	9.78467e-20	0.60483	7.14785e-06	0.395162
638	5.78706e-07	0.753814	0.23767	0.00851531
639	3.08073e-36	0.0033087	5.9053e-13	0.996691
640	1.94568e-52	4.21646e-06	6.16296e-20	0.999996
641	2.62346e-06	0.0391999	0.960797	2.04099e-07
642	0.546398	0.00124192	0.45236	2.22731e-08
643	4.92689e-31	0.966988	1.77974e-07	0.0330123
644	1.45647e-38	0.243453	1.33845e-11	0.756547
645	2.79924e-15	0.660485	2.12142e-05	0.339494
646	6.88428e-32	0.651785	2.44175e-08	0.348215
647	3.5243e-23	0.999982	4.52155e-06	1.30346e-05
648	3.37543e-17	0.991467	0.00851866	1.43013e-05
649	1.43043e-23	0.999899	5.82124e-06	9.53698e-05
650	1.25397e-17	0.99747	0.00236851	0.000161962
651	0.00132151	0.323786	0.674885	7.89398e-06
652	7.27126e-21	0.999521	0.000474326	5.06242e-06
653	9.48544e-28	0.0187264	2.37864e-09	0.981274
654	2.56433e-25	0.578254	6.41361e-09	0.421746
655	0.000142208	0.000244139	0.999614	3.12714e-14
656	3.32344e-09	0.888337	0.111231	0.00043192
657	1.03016e-14	0.997931	0.00163703	0.000431945
658	9.94107e-26	0.914777	1.07635e-06	0.0852221
659	8.50835e-09	0.0138869	0.986113	3.99438e-08
660	2.49302e-20	0.998406	2.01559e-05	0.00157401
661	2.20057e-28	0.794604	4.97316e-08	0.205396
662	1.26104e-26	0.388718	3.27647e-05	0.611249
663	9.75428e-16	0.998034	0.00193648	2.92531e-05
664	7.02289e-14	0.996827	0.00317158	1.79158e-06
665	1.37945e-21	0.999986	1.20617e-05	2.34756e-06
666	0.999823	2.48191e-13	0.000176776	1.71956e-23
667	0.99997	3.36359e-13	2.97235e-05	3.01273e-25
668	0.835805	4.86648e-07	0.164195	8.12699e-21
669	7.65298e-10	0.0377175	0.962282	2.62552e-07
670	1.59035e-10	0.947406	0.0462194	0.00637441
671	0.999934	1.67529e-12	6.59642e-05	1.26879e-25
672	1.80552e-12	0.476582	0.523407	1.09072e-05
673	7.44064e-25	0.957937	3.05293e-05	0.0420321
674	9.24452e-29	0.975735	2.35807e-08	0.0242646
675	8.65294e-07	0.0365564	0.963443	1.97013e-07
676	1.21772e-30	0.133267	5.63697e-10	0.866733
677	2.33667e-33	0.00660989	5.15987e-12	0.99339
678	0.000500242	0.0724573	0.927021	2.17443e-05
679	7.49078e-24	0.995244	7.8795e-05	0.00467734
680	2.81633e-12	0.00545919	0.994541	1.06051e-07
681	8.65664e-18	0.982818	0.0171734	8.94327e-06
682	5.42905e-17	0.878682	0.0689336	0.0523844
683	0.00524938	0.010006	0.984745	5.09337e-15
684	0.998918	6.23764e-11	0.00108204	1.23164e-21
685	0.803181	0.00194743	0.194871	9.81117e-08
686	1.77713e-25	0.95791	2.89132e-07	0.0420901
687	0.953023	1.11449e-05	0.0469662	3.35256e-12
688	0.00255827	0.133943	0.863491	7.21408e-06
689	0.00939465	2.30632e-06	0.990603	5.62495e-17
690	0.999945	1.03003e-14	5.49903e-05	1.51212e-27
691	0.0467718	1.08995e-06	0.953227	2.84671e-19
692	1.41689e-05	0.0138986	0.986087	2.84115e-10
693	4.16457e-05	0.000425411	0.999533	1.65446e-10
694	6.62445e-12	0.858569	0.14141	2.12756e-05
695	2.79357e-15	0.982879	0.01707	5.14984e-05
696	0.000128574	0.0789249	0.920862	8.40631e-05
697	3.57637e-11	0.0120818	0.987915	2.74588e-06
698	7.18599e-13	0.99249	0.00749557	1.40413e-05
699	5.84447e-29	0.00476831	8.11856e-12	0.995232
700	1.24286e-25	0.0550152	5.40076e-10	0.944985
701	1.48777e-21	0.831698	9.11321e-05	0.16821
702	1.20124e-42	4.1198e-07	7.45376e-19	1
703	2.5204e-14	0.997941	0.00163677	0.000421992
704	5.63834e-08	0.0219591	0.978041	5.69771e-09
705	0.457522	0.000996707	0.541481	5.16494e-09
706	0.996604	5.79095e-12	0.00339633	9.32616e-26
707	4.30362e-19	0.988219	0.0116712	0.000109539
708	0.994578	1.11669e-06	0.00542068	1.443e-12
709	0.999846	8.77784e-12	0.000153957	1.02457e-23
710	0.999818	1.2254e-09	0.000182163	2.338e-15
711	0.983093	1.29137e-07	0.0169068	3.8754e-22
712	0.729616	0.00173832	0.268645	4.278e-08
713	1.89204e-15	0.998515	0.000522466	0.000962709
714	0.999937	1.7646e-11	6.28619e-05	4.35411e-21
715	3.37043e-05	7.5407e-05	0.999891	2.15226e-13
716	0.994486	1.13326e-06	0.00551256	1.51496e-12
717	4.38387e-05	0.000266609	0.99969	5.09242e-11
718	0.999469	3.15468e-09	0.000530727	2.81456e-15
719	1.4017e-06	0.061866	0.938126	6.39992e-06
720	2.10989e-19	0.905816	0.0923625	0.00182168
721	1.8664e-11	0.869539	0.13046	7.40599e-07
722	5.89533e-15	0.921096	0.0501444	0.0287596
723	2.40152e-18	0.361594	1.0638e-06	0.638405
724	2.10505e-39	0.000894387	5.60861e-15	0.999106
725	0.00258632	0.000370632	0.997043	6.0481e-12
726	0.943709	2.24158e-08	0.0562913	2.17965e-19
727	6.45775e-12	0.980631	0.0193685	3.53851e-07
728	6.16083e-20	0.979391	0.0190546	0.001554
729	1.07707e-16	0.977806	0.0221291	6.53722e-05
730	3.39086e-30	0.0345338	3.26736e-12	0.965466
731	3.15432e-38	0.255009	3.04909e-10	0.744991
732	4.5506e-10	0.609855	0.390144	2.33131e-07
733	8.83647e-17	0.999035	0.00095932	5.98434e-06
734	3.62131e-42	3.24809e-05	1.57894e-17	0.999968
735	0.999337	1.06208e-11	0.000663443	2.57225e-23
736	0.000658698	0.00208917	0.997252	1.29122e-09
737	0.998796	4.50381e-10	0.00120401	7.51303e-14
738	2.16852e-11	0.17384	0.826148	1.19231e-05
739	4.37378e-16	0.996474	0.00352398	2.08575e-06
740	6.99617e-15	0.968357	0.0217895	0.00985391
741	1.91974e-12	0.0212152	0.978785	7.24256e-11
742	9.40787e-16	0.998471	0.00152831	6.98505e-07
743	9.888e-12	0.988927	0.00981709	0.00125615
744	0.617596	1.58917e-07	0.382404	2.08229e-20
745	3.23379e-58	1.94162e-10	7.2402e-26	1
746	5.78712e-69	1.76477e-13	2.90409e-32	1
747	3.71979e-20	0.898094	0.00586183	0.0960445
748	2.52036e-71	2.00783e-13	2.6913e-31	1
749	6.1151e-62	2.413e-11	1.56749e-27	1
750	4.35722e-18	0.928839	0.070847	0.000313507
751	1.82375e-30	0.949021	2.14141e-06	0.0509764
752	2.48378e-53	4.24446e-09	8.3442e-24	1
753	8.6722e-46	0.000182029	1.9903e-16	0.999818
754	0.000459286	0.000160577	0.99938	1.21897e-12
755	6.09628e-43	1.27926e-05	5.94545e-15	0.999987
756	0.00242155	0.00723264	0.990346	1.33271e-07
757	1.48223e-52	7.43643e-07	3.81025e-20	0.999999
758	0.000774841	4.55612e-06	0.999221	9.04612e-13
759	3.12027e-10	0.768441	0.2271	0.00445887
760	0.999802	2.78196e-14	0.000197736	2.68197e-36
761	1.73794e-23	0.999794	1.37544e-05	0.000192634
762	0.988865	8.71294e-06	0.011126	2.06974e-11
763	0.951197	5.31398e-05	0.0487494	1.91933e-10
764	2.54991e-18	0.995075	0.00114926	0.00377617
765	1.12419e-10	0.870391	0.129609	9.88244e-08
766	0.972892	2.27219e-11	0.0271083	7.66063e-25
767	0.0170746	1.27265e-06	0.982924	3.24402e-17
768	0.984745	1.33299e-08	0.0152546	1.77081e-17
769	2.97376e-10	0.0639432	0.936057	2.63268e-08
770	8.825e-05	0.00298216	0.99693	4.54994e-14
771	4.15541e-36	0.0490737	2.38999e-12	0.950926
772	1.8688e-14	0.969758	0.0185453	0.0116972
773	0.741289	1.40638e-07	0.258711	9.39991e-22
774	1.18991e-32	0.0171179	5.08976e-09	0.982882
775	5.49364e-07	0.00794479	0.992055	1.17724e-12
776	6.65208e-41	0.00010299	2.10945e-15	0.999897
777	3.85462e-06	6.66462e-06	0.999989	1.27803e-13
778	9.39403e-16	0.14587	6.77694e-05	0.854063
779	1.66315e-53	7.20869e-09	7.28732e-25	1
780	1.5257e-15	0.613421	0.38643	0.000148765
781	1.76218e-40	3.86448e-05	3.76137e-17	0.999961
782	8.2915e-30	0.0684245	3.75764e-07	0.931575
783	3.76633e-57	3.98268e-10	7.20652e-27	1
784	2.02796e-36	3.45149e-05	1.90904e-17	0.999965
785	5.83958e-25	0.997435	3.17651e-07	0.00256456
786	1.2896e-34	0.165556	1.23659e-11	0.834444
787	2.2786e-14	0.541442	0.458547	1.12727e-05
788	5.22617e-06	0.0243891	0.975604	1.1593e-06
789	2.50433e-27	0.99879	5.15978e-05	0.00115797
790	3.308e-19	0.998708	1.65513e-05	0.00127513
791	1.00561e-13	0.0294318	0.970568	2.06885e-07
792	2.3365e-49	2.92998e-06	6.0104e-21	0.999997
793	0.000143964	0.000163712	0.999692	8.89751e-12
794	7.83712e-15	0.987837	0.012048	0.000115276
795	3.94642e-14	0.898739	0.101256	4.48891e-06
796	0.995856	5.01798e-07	0.00414374	2.52382e-13
797	0.999987	3.2188e-14	1.26245e-05	8.41214e-28
798	0.992951	3.9237e-09	0.00704912	8.55345e-13
799	4.80553e-06	3.14189e-05	0.999964	4.0497e-13
800	0.999353	2.79885e-11	0.000647452	2.41724e-26
801	1.51194e-05	0.000509928	0.999475	2.40691e-13
802	1.93189e-08	0.00610712	0.993892	7.20332e-07
803	1.3213e-08	0.00170249	0.998297	4.42774e-10
804	3.21025e-24	0.946126	2.31671e-07	0.0538739
805	0.0260313	0.000125259	0.973843	1.75847e-18
806	3.85071e-16	0.364005	0.635666	0.000328752
807	0.536089	0.000251122	0.46366	6.10837e-10
808	2.2215e-24	0.059482	1.2302e-08	0.940518
809	2.81038e-25	0.999338	0.000571721	9.0342e-05
810	7.77214e-08	0.114294	0.885144	0.000561601
811	0.00384995	0.0137138	0.982436	2.97666e-07
812	3.47295e-23	0.987406	0.000153954	0.0124405
813	1.18374e-05	0.177102	0.822866	2.04267e-05
814	0.00639359	0.000165462	0.993441	1.10121e-12
815	2.24214e-10	0.101427	0.898573	8.84311e-10
816	0.999803	4.09342e-14	0.000196714	9.76854e-29
817	1.23088e-25	0.99727	1.53052e-05	0.0027144
818	5.77572e-06	0.0281444	0.97185	8.02057e-08
819	0.99997	2.53727e-11	2.96374e-05	6.44934e-18
820	0.00233071	5.96933e-05	0.99761	1.09021e-16
821	0.999353	2.79885e-11	0.000647452	2.41724e-26
822	3.72769e-16	0.110691	0.889307	1.96944e-06
823	6.04035e-29	0.986172	1.11811e-05	0.0138168
824	5.8782e-15	0.934139	0.0658604	7.29439e-07
825	4.04771e-05	0.423938	0.575965	5.64698e-05
826	9.52359e-38	0.00206648	1.5902e-13	0.997934
827	2.25315e-10	0.159555	0.840445	2.84257e-08
828	3.92391e-52	9.44121e-07	1.24313e-21	0.999999
829	0.0017543	9.95977e-05	0.998146	1.81983e-12
830	7.04731e-50	7.82523e-06	1.00456e-19	0.999992
831	1.51981e-14	0.988856	0.00883402	0.00230954
832	4.84313e-08	0.0686385	0.931361	2.32991e-10
833	1.4332e-05	0.0474809	0.952505	1.47339e-07
834	9.69168e-14	0.983033	0.0169674	2.61118e-10
835	2.6245e-24	0.963967	3.35472e-07	0.036033
836	2.0985e-16	0.91225	0.0613033	0.0264471
837	2.15069e-40	0.0209332	3.34783e-13	0.979067
838	2.85744e-08	0.737737	0.262263	8.6777e-09
839	7.83724e-05	0.000511269	0.99941	4.40091e-12
840	7.77932e-21	0.980486	9.55679e-05	0.0194181
841	2.01182e-45	4.14391e-06	1.2987e-17	0.999996
842	2.82166e-34	0.000642228	7.61366e-12	0.999358
843	1.26225e-23	0.00630222	2.46422e-09	0.993698
844	5.35555e-30	0.0477757	2.18861e-10	0.952224
845	6.47018e-39	0.000223946	4.16468e-15	0.999776
846	7.3983e-13	0.956625	0.000341863	0.0430336
847	1.07976e-21	0.999782	7.55826e-05	0.000142616
848	4.23604e-19	0.5436	3.2423e-06	0.456397
849	9.87666e-39	1.68902e-05	1.28298e-14	0.999983
850	1.34293e-44	7.30477e-07	1.60636e-19	0.999999
851	2.18426e-05	0.00646585	0.993511	1.13216e-06
852	3.44194e-11	0.822306	0.177691	2.44333e-06
853	1.94381e-40	3.77852e-05	6.93543e-16	0.999962
854	2.67561e-34	0.510272	1.0719e-08	0.489728
855	4.26826e-12	0.0491814	0.95081	8.68601e-06
856	2.48095e-43	8.88212e-06	1.44785e-17	0.999991
857	0.668414	0.00432017	0.327265	1.7853e-07
858	6.6681e-22	0.98603	0.0138694	0.000100296
859	0.000252038	0.00156553	0.998182	8.37786e-10
860	4.70317e-59	1.00367e-10	2.81269e-27	1
